AA=0:1:999;

  
    
    Pcn = [4	0.99128	0.72781	0.72781	0.72781	0.72781	0.72781	0.20754	0.20754	0.20754	0.20754	0.20754	0.20754	0.20754	0.20754	0.0091213	0.0091213	0.0091213	0.0091213	0.0091213	0.0091213	0.0091213	0.0091213	0.0091213	0.0091213	0.0091213	0.0091213	0.0091213	0.0091213	0.0091213	0.0091213	0.0091213	0.0091213	0.00098181	0.00098181	0.00098181	0.00098181	0.00098181	0.00098181	0.00098181	0.00098181	0.00098181	0.00098181	0.00098181	0.00098181	0.00098181	0.00098181	0.00098181	0.00098181	0.00098181	0.00098181	0.00098181	0.00098181	0.00098181	0.00098181	0.00098181	0.00098181	0.00098181	0.00098181	0.00098181	0.00098181	0.00098181	0.00098181	0.00098181	0.00056479	0.00056479	0.00056479	0.00056479	0.00042083	0.00042083	0.00042083	0.00042083	0.00042083	0.00042083	0.00035679	0.00035679	0.00035679	0.00035679	0.00035679	0.00035679	0.00035679	0.00035679	0.00035679	0.00021842	0.00021842	0.00018298	0.00011642	0.00011642	0.00011642	0.00011642	0.00011642	9.72E-05	9.72E-05	9.41E-05	9.41E-05	9.41E-05	9.41E-05	9.41E-05	9.41E-05	9.41E-05	9.41E-05	9.41E-05	9.41E-05	9.41E-05	9.41E-05	9.41E-05	9.41E-05	9.41E-05	9.41E-05	9.41E-05	9.37E-05	9.37E-05	6.20E-05	6.20E-05	2.12E-05	2.12E-05	2.12E-05	2.12E-05	2.12E-05	2.12E-05	2.12E-05	2.12E-05	2.12E-05	2.12E-05	2.12E-05	2.12E-05	2.12E-05	2.12E-05	2.12E-05	2.12E-05	2.12E-05	2.12E-05	2.12E-05	2.12E-05	2.12E-05	2.12E-05	2.12E-05	2.12E-05	2.12E-05	2.12E-05	2.12E-05	1.53E-05	1.26E-05	1.26E-05	9.97E-06	9.97E-06	9.97E-06	9.97E-06	1.61E-06	1.43E-06	1.43E-06	1.43E-06	1.43E-06	1.43E-06	3.38E-07	3.38E-07	3.38E-07	3.38E-07	3.38E-07	3.38E-07	3.38E-07	3.38E-07	2.52E-07	2.52E-07	2.52E-07	2.52E-07	2.52E-07	2.52E-07	2.52E-07	2.52E-07	2.52E-07	2.52E-07	2.52E-07	2.52E-07	2.52E-07	2.52E-07	2.52E-07	2.52E-07	2.52E-07	2.52E-07	2.52E-07	2.52E-07	2.52E-07	2.52E-07	2.52E-07	2.52E-07	2.52E-07	2.52E-07	2.52E-07	2.52E-07	2.52E-07	2.52E-07	2.52E-07	2.52E-07	2.52E-07	2.52E-07	2.52E-07	2.52E-07	2.52E-07	2.52E-07	2.42E-07	1.98E-07	1.98E-07	1.78E-07	1.78E-07	4.31E-08	4.31E-08	4.31E-08	4.31E-08	4.31E-08	3.80E-08	3.80E-08	3.80E-08	3.80E-08	3.00E-08	3.00E-08	3.00E-08	2.58E-08	1.67E-08	1.13E-08	8.05E-09	6.12E-09	4.98E-09	4.32E-09	3.94E-09	3.72E-09	3.61E-09	3.55E-09	3.52E-09	3.51E-09	3.50E-09	3.50E-09	1.82E-09	1.82E-09	1.82E-09	1.82E-09	1.45E-09	8.26E-10	4.74E-10	2.83E-10	1.85E-10	1.40E-10	1.23E-10	1.22E-10	1.22E-10	1.06E-10	9.01E-11	7.87E-11	7.04E-11	6.42E-11	5.96E-11	5.61E-11	5.34E-11	5.14E-11	4.98E-11	4.87E-11	4.77E-11	4.70E-11	4.65E-11	4.60E-11	4.57E-11	4.55E-11	4.53E-11	4.51E-11	4.50E-11	4.49E-11	4.48E-11	4.47E-11	4.47E-11	4.47E-11	4.46E-11	4.46E-11	4.46E-11	4.46E-11	4.46E-11	4.46E-11	4.46E-11	4.46E-11	4.46E-11	4.46E-11	4.46E-11	4.46E-11	4.46E-11	4.45E-11	4.45E-11	4.45E-11	4.45E-11	4.45E-11	4.45E-11	4.45E-11	4.45E-11	4.45E-11	4.45E-11	4.45E-11	4.45E-11	4.45E-11	4.45E-11	4.45E-11	4.45E-11	4.45E-11	4.45E-11	4.45E-11	4.45E-11	4.45E-11	4.45E-11	4.45E-11	4.45E-11	4.45E-11	4.45E-11	4.45E-11	4.45E-11	4.45E-11	4.45E-11	4.45E-11	4.45E-11	4.45E-11	4.45E-11	4.45E-11	4.45E-11	4.45E-11	4.45E-11	4.45E-11	4.45E-11	4.45E-11	4.45E-11	4.45E-11	4.45E-11	4.45E-11	4.45E-11	4.45E-11	4.45E-11	4.45E-11	4.45E-11	4.45E-11	4.45E-11	4.45E-11	4.45E-11	4.45E-11	4.45E-11	4.45E-11	4.45E-11	4.45E-11	4.45E-11	4.45E-11	4.45E-11	4.45E-11	4.45E-11	4.45E-11	4.45E-11	4.45E-11	4.45E-11	4.45E-11	1.79E-11	3.15E-12	3.15E-12	3.15E-12	3.15E-12	3.15E-12	3.15E-12	3.15E-12	3.15E-12	3.15E-12	3.15E-12	3.15E-12	3.15E-12	3.15E-12	3.15E-12	2.72E-12	2.72E-12	2.72E-12	2.72E-12	2.72E-12	2.72E-12	2.72E-12	2.72E-12	2.72E-12	2.72E-12	2.72E-12	4.06E-13	4.06E-13	4.06E-13	4.06E-13	4.06E-13	4.06E-13	4.06E-13	4.06E-13	4.06E-13	4.06E-13	4.06E-13	4.06E-13	4.06E-13	4.06E-13	4.06E-13	4.06E-13	4.06E-13	4.06E-13	3.88E-13	3.88E-13	3.88E-13	3.88E-13	1.48E-15	1.48E-15	1.48E-15	1.48E-15	1.48E-15	1.48E-15	1.48E-15	1.48E-15	1.48E-15	1.48E-15	1.48E-15	1.48E-15	1.48E-15	1.48E-15	1.48E-15	1.48E-15	1.48E-15	1.48E-15	1.48E-15	1.48E-15	1.48E-15	1.48E-15	1.48E-15	1.48E-15	1.48E-15	1.48E-15	1.48E-15	1.48E-15	1.48E-15	1.48E-15	1.48E-15	1.48E-15	1.48E-15	1.48E-15	1.48E-15	1.48E-15	1.48E-15	1.48E-15	1.48E-15	1.48E-15	1.48E-15	1.48E-15	1.48E-15	1.48E-15	1.48E-15	1.48E-15	1.48E-15	1.48E-15	1.48E-15	1.48E-15	1.48E-15	1.48E-15	1.48E-15	1.48E-15	1.48E-15	1.48E-15	1.48E-15	1.48E-15	1.48E-15	1.48E-15	1.48E-15	1.48E-15	1.48E-15	1.48E-15	1.48E-15	1.48E-15	1.48E-15	1.48E-15	1.48E-15	1.48E-15	1.48E-15	1.48E-15	1.48E-15	1.48E-15	1.48E-15	1.48E-15	1.48E-15	1.48E-15	1.48E-15	1.48E-15	1.48E-15	1.48E-15	1.48E-15	1.48E-15	1.48E-15	1.48E-15	1.48E-15	1.48E-15	1.48E-15	1.48E-15	1.48E-15	1.48E-15	1.48E-15	1.48E-15	1.48E-15	1.48E-15	1.48E-15	1.10E-15	1.10E-15	1.10E-15	1.10E-15	1.10E-15	1.10E-15	1.10E-15	1.10E-15	1.10E-15	1.10E-15	1.10E-15	1.10E-15	1.10E-15	1.10E-15	1.10E-15	1.10E-15	1.10E-15	1.10E-15	1.05E-15	1.05E-15	1.05E-15	8.60E-16	8.60E-16	8.60E-16	8.60E-16	8.60E-16	8.60E-16	8.60E-16	8.60E-16	8.60E-16	8.60E-16	8.60E-16	6.44E-16	6.44E-16	6.44E-16	6.44E-16	6.44E-16	6.44E-16	6.44E-16	6.44E-16	6.44E-16	6.23E-16	6.23E-16	6.23E-16	6.23E-16	6.23E-16	6.23E-16	6.23E-16	6.23E-16	6.23E-16	6.23E-16	6.23E-16	6.23E-16	6.23E-16	6.23E-16	6.23E-16	6.23E-16	6.23E-16	6.23E-16	6.23E-16	6.23E-16	6.23E-16	6.23E-16	6.23E-16	6.23E-16	6.23E-16	6.23E-16	6.23E-16	6.23E-16	6.23E-16	6.23E-16	6.23E-16	6.23E-16	6.23E-16	6.23E-16	6.23E-16	6.23E-16	6.23E-16	6.23E-16	6.23E-16	6.23E-16	6.23E-16	6.23E-16	6.23E-16	6.23E-16	6.23E-16	6.23E-16	6.23E-16	6.23E-16	6.23E-16	6.23E-16	6.23E-16	6.23E-16	5.87E-16	4.57E-16	4.57E-16	4.57E-16	4.57E-16	4.57E-16	4.57E-16	4.57E-16	4.57E-16	4.57E-16	4.57E-16	4.05E-16	4.05E-16	4.05E-16	4.05E-16	4.05E-16	4.05E-16	4.05E-16	2.86E-16	2.86E-16	2.86E-16	2.86E-16	2.86E-16	2.86E-16	2.86E-16	2.86E-16	2.86E-16	2.86E-16	2.86E-16	2.86E-16	2.86E-16	2.86E-16	2.86E-16	2.86E-16	2.86E-16	2.86E-16	2.86E-16	5.73E-17	5.73E-17	5.73E-17	5.73E-17	5.73E-17	5.73E-17	5.73E-17	5.73E-17	5.73E-17	5.73E-17	5.73E-17	5.73E-17	5.73E-17	5.73E-17	5.73E-17	5.73E-17	5.73E-17	5.73E-17	5.73E-17	5.73E-17	5.73E-17	5.73E-17	5.73E-17	5.73E-17	5.73E-17	5.73E-17	5.73E-17	5.73E-17	5.73E-17	5.73E-17	5.73E-17	5.73E-17	5.73E-17	5.73E-17	5.73E-17	1.30E-18	1.30E-18	1.30E-18	1.30E-18	1.30E-18	1.30E-18	1.30E-18	1.30E-18	1.30E-18	1.30E-18	1.30E-18	1.30E-18	1.30E-18	1.30E-18	1.30E-18	1.30E-18	1.30E-18	1.30E-18	1.30E-18	1.30E-18	1.30E-18	1.30E-18	1.30E-18	1.30E-18	1.30E-18	1.30E-18	1.30E-18	1.30E-18	1.30E-18	1.30E-18	1.30E-18	1.30E-18	1.30E-18	1.30E-18	1.30E-18	1.30E-18	1.30E-18	1.30E-18	1.30E-18	1.30E-18	1.30E-18	1.30E-18	1.30E-18	1.30E-18	1.30E-18	1.30E-18	1.30E-18	1.30E-18	1.30E-18	1.30E-18	1.30E-18	1.30E-18	1.30E-18	1.30E-18	1.30E-18	1.30E-18	1.30E-18	1.30E-18	1.30E-18	1.30E-18	1.30E-18	1.30E-18	7.86E-19	7.86E-19	7.86E-19	7.86E-19	7.86E-19	7.86E-19	7.86E-19	7.86E-19	7.86E-19	7.86E-19	7.86E-19	7.86E-19	7.86E-19	7.86E-19	7.86E-19	7.86E-19	7.86E-19	7.86E-19	7.86E-19	7.86E-19	7.86E-19	7.86E-19	7.86E-19	7.86E-19	7.86E-19	7.86E-19	7.86E-19	7.86E-19	7.86E-19	7.86E-19	7.86E-19	7.86E-19	7.86E-19	7.86E-19	7.86E-19	7.86E-19	7.86E-19	7.86E-19	7.86E-19	7.86E-19	7.86E-19	7.86E-19	7.86E-19	7.86E-19	7.86E-19	7.86E-19	7.86E-19	7.86E-19	7.86E-19	8.29E-20	8.29E-20	8.29E-20	8.29E-20	8.29E-20	8.29E-20	8.29E-20	8.29E-20	8.29E-20	6.60E-20	2.61E-20	2.61E-20	2.61E-20	2.61E-20	2.61E-20	2.61E-20	2.61E-20	2.30E-21	2.30E-21	2.30E-21	2.30E-21	2.30E-21	2.30E-21	2.30E-21	2.30E-21	2.04E-21	2.04E-21	2.04E-21	4.42E-22	4.42E-22	4.42E-22	4.42E-22	4.42E-22	4.42E-22	4.42E-22	4.42E-22	4.42E-22	4.42E-22	4.42E-22	4.42E-22	3.46E-22	3.46E-22	3.46E-22	3.46E-22	2.17E-22	2.17E-22	2.17E-22	2.17E-22	2.17E-22	2.17E-22	2.17E-22	2.17E-22	1.73E-23	1.73E-23	1.73E-23	1.73E-23	1.73E-23	1.73E-23	1.73E-23	1.73E-23	1.73E-23	1.73E-23	1.73E-23	1.73E-23	1.73E-23	1.73E-23	1.73E-23	1.73E-23	1.73E-23	1.73E-23	1.73E-23	1.73E-23	1.73E-23	1.73E-23	1.73E-23	1.73E-23	1.73E-23	1.73E-23	1.73E-23	1.73E-23	1.73E-23	1.73E-23	1.73E-23	1.73E-23	1.73E-23	1.73E-23	1.73E-23	1.73E-23	1.73E-23	1.73E-23	1.73E-23	1.73E-23	1.73E-23	1.73E-23	1.73E-23	1.73E-23	1.73E-23	1.73E-23	1.73E-23	