AA=0:1:999;

  
    
    Pcn = [8	2.2032	2.2032	2.2032	2.2032	0.57469	0.57469	0.57469	0.57469	0.57469	0.57469	0.57469	0.57469	0.57469	0.57469	0.57469	0.57469	0.57469	0.57469	0.57469	0.57469	0.57469	0.57469	0.57469	0.57469	0.57469	0.57469	0.57469	0.57469	0.57469	0.57469	0.57469	0.57469	0.57469	0.57469	0.09802	0.09802	0.09802	0.09802	0.09802	0.09802	0.09802	0.09802	0.09802	0.09802	0.09802	0.09802	0.09802	0.09802	0.09802	0.09802	0.09802	0.09802	0.09802	0.09802	0.09802	0.09802	0.09802	0.09802	0.09802	0.09802	0.09802	0.09802	0.09802	0.09802	0.09802	0.09802	0.09802	0.09802	0.09802	0.09802	0.09802	0.09802	0.09802	0.09802	0.09802	0.09802	0.09802	0.09802	0.09802	0.09802	0.09802	0.09802	0.09802	0.09802	0.09802	0.09802	0.09802	0.09802	0.09802	0.09802	0.09802	0.09802	0.09802	0.09802	0.09802	0.09802	0.09802	0.09802	0.09802	0.09802	0.09802	0.09802	0.09802	0.09802	0.09802	0.09802	0.09802	0.09802	0.09802	0.09802	0.09802	0.09802	0.09802	0.09802	0.09802	0.09802	0.09802	0.09802	0.09802	0.09802	0.09802	0.09802	0.09802	0.09802	0.09802	0.09802	0.09802	0.09802	0.09802	0.021611	0.021611	0.021611	0.021611	0.021611	0.021611	0.021611	0.021611	0.021611	0.021611	0.021611	0.021611	0.021611	0.021611	0.021611	0.021611	0.021611	0.021611	0.021611	0.021611	0.021611	0.021611	0.021611	0.021611	0.021611	0.021611	0.021611	0.021611	0.021611	0.021611	0.021611	0.021611	0.021611	0.021611	0.021611	0.021611	0.021611	0.021611	0.021611	0.021611	0.01395	0.0077769	0.0077769	0.0077769	0.0077769	0.0077769	0.0077769	0.0077769	0.0077769	0.0077769	0.0077769	0.0077769	0.0077769	0.0077769	0.0077769	0.0077769	0.0077769	0.0077769	0.0077769	0.0077769	0.0077769	0.0077769	0.0077769	0.0077769	0.0077769	0.0077769	0.0077769	0.0077769	0.0077769	0.0077769	0.0077769	0.0077769	0.0077769	0.0077769	0.0077769	0.0077769	0.0077769	0.0077769	0.0077769	0.0077769	0.0077769	0.0077769	0.0011492	0.0011492	0.0011492	0.0011492	0.0011492	0.0011492	0.0011492	0.0011492	0.0011492	0.0011492	0.0011492	0.0011492	0.0011492	0.0011492	0.0011492	0.0011492	0.0011492	0.0011492	8.05E-05	8.05E-05	8.05E-05	8.05E-05	8.05E-05	8.05E-05	8.05E-05	8.05E-05	8.05E-05	8.05E-05	8.05E-05	8.05E-05	8.05E-05	8.05E-05	8.05E-05	8.05E-05	8.05E-05	8.05E-05	8.05E-05	8.05E-05	8.05E-05	8.05E-05	8.05E-05	8.05E-05	8.05E-05	8.05E-05	8.05E-05	8.05E-05	8.05E-05	8.05E-05	1.55E-05	1.55E-05	1.55E-05	1.55E-05	1.55E-05	1.55E-05	1.55E-05	1.55E-05	1.55E-05	1.55E-05	1.55E-05	1.55E-05	1.55E-05	1.55E-05	1.55E-05	1.55E-05	1.55E-05	1.55E-05	1.55E-05	1.55E-05	1.55E-05	1.55E-05	1.55E-05	1.55E-05	1.55E-05	1.55E-05	1.55E-05	1.55E-05	1.55E-05	1.55E-05	1.55E-05	1.55E-05	1.55E-05	1.55E-05	1.55E-05	1.55E-05	1.55E-05	1.55E-05	1.55E-05	1.55E-05	1.55E-05	1.55E-05	1.55E-05	1.55E-05	1.55E-05	1.55E-05	1.55E-05	1.55E-05	1.55E-05	1.55E-05	1.55E-05	1.55E-05	1.55E-05	1.55E-05	1.55E-05	1.55E-05	1.55E-05	1.55E-05	1.55E-05	1.05E-05	1.05E-05	1.05E-05	1.05E-05	1.05E-05	1.05E-05	1.05E-05	1.05E-05	1.05E-05	1.05E-05	1.05E-05	1.05E-05	1.05E-05	1.05E-05	1.05E-05	1.05E-05	1.89E-06	1.89E-06	1.89E-06	1.89E-06	1.89E-06	1.89E-06	1.89E-06	1.89E-06	1.89E-06	1.89E-06	1.89E-06	1.89E-06	1.89E-06	1.89E-06	1.89E-06	1.89E-06	1.89E-06	1.89E-06	1.89E-06	1.89E-06	1.89E-06	1.89E-06	1.89E-06	1.89E-06	1.89E-06	1.89E-06	1.89E-06	1.89E-06	1.89E-06	1.89E-06	1.89E-06	1.89E-06	1.89E-06	1.89E-06	1.89E-06	1.89E-06	1.89E-06	7.11E-07	7.11E-07	7.11E-07	7.11E-07	7.11E-07	7.11E-07	7.11E-07	7.11E-07	7.11E-07	7.11E-07	7.11E-07	7.11E-07	7.11E-07	7.11E-07	7.11E-07	7.11E-07	7.11E-07	7.11E-07	7.11E-07	7.11E-07	7.11E-07	7.11E-07	7.11E-07	7.11E-07	7.11E-07	7.11E-07	7.11E-07	7.11E-07	7.11E-07	7.11E-07	7.11E-07	7.11E-07	7.11E-07	7.11E-07	7.11E-07	7.11E-07	7.11E-07	7.11E-07	7.11E-07	5.16E-07	5.16E-07	5.16E-07	5.16E-07	5.16E-07	5.16E-07	5.16E-07	5.16E-07	2.42E-07	2.42E-07	2.42E-07	2.42E-07	2.42E-07	2.42E-07	2.42E-07	2.42E-07	2.42E-07	2.42E-07	2.42E-07	2.42E-07	2.42E-07	2.42E-07	2.42E-07	7.19E-08	7.19E-08	7.19E-08	7.19E-08	7.19E-08	2.98E-08	2.98E-08	2.98E-08	2.98E-08	2.98E-08	6.67E-09	6.67E-09	6.67E-09	6.67E-09	6.67E-09	6.67E-09	6.67E-09	6.67E-09	6.67E-09	6.67E-09	6.67E-09	6.67E-09	6.67E-09	6.67E-09	6.67E-09	6.67E-09	6.67E-09	6.67E-09	6.67E-09	6.67E-09	6.67E-09	6.67E-09	5.10E-09	5.10E-09	5.10E-09	5.10E-09	5.10E-09	5.10E-09	5.10E-09	5.10E-09	5.10E-09	5.10E-09	5.10E-09	5.10E-09	5.10E-09	5.10E-09	5.10E-09	5.10E-09	5.10E-09	5.10E-09	5.10E-09	5.10E-09	5.10E-09	5.10E-09	5.10E-09	5.10E-09	5.10E-09	5.10E-09	5.10E-09	5.10E-09	4.99E-09	4.99E-09	4.99E-09	4.98E-09	1.87E-09	1.87E-09	1.87E-09	1.87E-09	1.87E-09	4.84E-10	1.38E-10	1.38E-10	8.47E-11	2.32E-11	2.32E-11	2.32E-11	2.32E-11	2.32E-11	2.32E-11	2.32E-11	1.24E-11	1.24E-11	1.24E-11	1.24E-11	1.24E-11	1.24E-11	1.24E-11	1.24E-11	1.24E-11	1.24E-11	1.24E-11	1.24E-11	1.24E-11	1.24E-11	1.24E-11	1.24E-11	1.24E-11	1.24E-11	1.24E-11	1.24E-11	1.24E-11	1.24E-11	1.24E-11	1.24E-11	1.24E-11	1.24E-11	1.24E-11	1.24E-11	1.24E-11	1.24E-11	1.24E-11	1.24E-11	1.24E-11	1.24E-11	1.24E-11	1.24E-11	1.24E-11	1.24E-11	1.24E-11	1.24E-11	1.24E-11	1.24E-11	1.24E-11	5.94E-13	5.94E-13	5.94E-13	5.94E-13	5.94E-13	5.94E-13	5.94E-13	5.94E-13	5.94E-13	5.94E-13	5.94E-13	3.90E-13	3.90E-13	3.90E-13	3.90E-13	3.90E-13	3.90E-13	3.90E-13	3.90E-13	3.90E-13	3.90E-13	3.90E-13	3.90E-13	3.90E-13	3.90E-13	3.90E-13	3.90E-13	3.90E-13	3.90E-13	3.90E-13	3.90E-13	3.90E-13	3.90E-13	3.90E-13	3.90E-13	3.90E-13	3.90E-13	3.90E-13	3.90E-13	3.90E-13	3.90E-13	3.90E-13	3.90E-13	3.90E-13	3.90E-13	3.90E-13	3.90E-13	5.36E-14	5.36E-14	5.36E-14	1.76E-14	1.76E-14	1.76E-14	1.76E-14	1.76E-14	1.76E-14	1.76E-14	1.76E-14	1.76E-14	1.76E-14	1.76E-14	1.76E-14	1.76E-14	1.76E-14	1.76E-14	1.76E-14	1.76E-14	1.76E-14	1.76E-14	1.76E-14	1.76E-14	1.87E-15	1.87E-15	1.87E-15	1.87E-15	1.87E-15	1.87E-15	1.87E-15	1.87E-15	1.87E-15	1.87E-15	1.87E-15	1.87E-15	1.87E-15	1.87E-15	1.87E-15	1.87E-15	1.87E-15	1.87E-15	1.87E-15	1.87E-15	1.87E-15	1.87E-15	1.87E-15	1.87E-15	1.87E-15	1.87E-15	1.87E-15	9.33E-16	9.33E-16	9.33E-16	9.33E-16	9.33E-16	9.33E-16	9.33E-16	9.33E-16	9.33E-16	9.33E-16	9.33E-16	9.33E-16	9.33E-16	9.33E-16	9.33E-16	6.38E-16	6.38E-16	6.38E-16	6.38E-16	5.22E-16	1.96E-16	1.96E-16	3.20E-17	3.20E-17	3.20E-17	3.20E-17	3.20E-17	3.20E-17	2.83E-17	2.83E-17	2.83E-17	2.83E-17	2.83E-17	2.83E-17	2.83E-17	2.83E-17	2.83E-17	2.83E-17	2.83E-17	2.83E-17	2.83E-17	9.89E-19	9.89E-19	9.89E-19	9.89E-19	9.89E-19	9.89E-19	9.89E-19	9.89E-19	9.89E-19	9.89E-19	9.89E-19	9.89E-19	9.89E-19	9.89E-19	9.89E-19	9.89E-19	9.89E-19	9.89E-19	9.89E-19	9.89E-19	9.89E-19	9.89E-19	9.89E-19	9.89E-19	9.89E-19	9.89E-19	9.89E-19	9.89E-19	9.89E-19	9.89E-19	9.89E-19	9.89E-19	9.89E-19	9.89E-19	9.89E-19	9.89E-19	9.89E-19	9.89E-19	9.89E-19	9.89E-19	9.89E-19	9.89E-19	9.89E-19	8.31E-19	8.31E-19	8.31E-19	7.48E-19	7.48E-19	5.64E-19	2.46E-19	2.46E-19	2.46E-19	5.81E-20	5.81E-20	5.81E-20	5.81E-20	5.81E-20	5.16E-20	5.16E-20	5.16E-20	5.16E-20	5.16E-20	5.16E-20	5.16E-20	5.16E-20	5.16E-20	4.02E-21	4.02E-21	4.02E-21	4.02E-21	4.02E-21	4.02E-21	4.02E-21	4.02E-21	4.02E-21	4.02E-21	3.07E-21	3.07E-21	2.76E-21	2.76E-21	2.76E-21	2.76E-21	1.87E-21	1.87E-21	1.87E-21	1.87E-21	1.87E-21	1.87E-21	1.87E-21	1.87E-21	1.87E-21	1.87E-21	1.87E-21	1.87E-21	1.87E-21	1.87E-21	1.87E-21	2.85E-24	2.85E-24	2.85E-24	2.85E-24	2.85E-24	2.85E-24	2.85E-24	2.85E-24	2.85E-24	2.85E-24	2.85E-24	2.85E-24	2.85E-24	2.85E-24	2.85E-24	2.85E-24	2.85E-24	2.85E-24	2.85E-24	2.85E-24	2.85E-24	2.85E-24	2.85E-24	2.85E-24	2.85E-24	2.85E-24	2.85E-24	2.85E-24	2.85E-24	2.85E-24	2.85E-24	2.85E-24	2.85E-24	2.85E-24	2.85E-24	2.85E-24	2.85E-24	1.04E-24	1.04E-24	8.38E-25	8.38E-25	8.38E-25	8.38E-25	8.38E-25	8.38E-25	8.38E-25	8.38E-25	8.38E-25	8.38E-25	8.38E-25	8.38E-25	8.38E-25	8.38E-25	4.00E-25	4.00E-25	4.00E-25	1.12E-25	1.12E-25	1.09E-26	1.09E-26	1.09E-26	1.09E-26	1.09E-26	1.09E-26	1.09E-26	1.09E-26	1.09E-26	1.09E-26	1.09E-26	1.09E-26	1.09E-26	1.09E-26	1.09E-26	1.09E-26	1.09E-26	1.70E-27	1.70E-27	1.70E-27	1.70E-27	1.70E-27	1.70E-27	4.16E-28	4.16E-28	4.16E-28	4.16E-28	4.16E-28	4.16E-28	4.16E-28	4.16E-28	2.97E-28	2.97E-28	2.97E-28	2.97E-28	2.97E-28	2.25E-28	2.25E-28	2.25E-28	2.25E-28	2.25E-28	8.80E-30	8.80E-30	